  2.000000000000000E-003  2.000000000000000E-003  8.867651346966624E-004
  2.000000000000000E-003  0.302332916666667      -3.832083000787968E-002
  2.000000000000000E-003  0.602665833333333      -2.159944509079821E-002
  2.000000000000000E-003  0.902998750000000      -6.810008624992326E-003
  2.000000000000000E-003   1.20333166666667      -1.840463902261643E-003
  2.000000000000000E-003   1.50366458333333      -4.967527725567838E-005
  2.000000000000000E-003   1.80399750000000       6.184688622573704E-004
  2.000000000000000E-003   2.10433041666667       7.405007380940019E-004
  2.000000000000000E-003   2.40466333333333      -7.908032317947317E-004
  2.000000000000000E-003   2.70499625000000      -3.884036025704721E-003
  2.000000000000000E-003   3.00532916666667      -9.533792710108983E-003
  2.000000000000000E-003   3.30566208333333      -1.394029922076497E-002
  2.000000000000000E-003   3.60599500000000      -5.378973336368430E-002
  2.000000000000000E-003   3.90632791666667      -1.393724813308113E-002
  2.000000000000000E-003   4.20666083333333      -9.526758292377180E-003
  2.000000000000000E-003   4.50699375000000      -3.879832656251133E-003
  2.000000000000000E-003   4.80732666666667      -7.888989303318965E-004
  2.000000000000000E-003   5.10765958333333       7.405534790857613E-004
  2.000000000000000E-003   5.40799250000000       6.196264098227300E-004
  2.000000000000000E-003   5.70832541666667      -4.968140587635348E-005
  2.000000000000000E-003   6.00865833333333      -1.846832695932462E-003
  2.000000000000000E-003   6.30899125000000      -6.842092256078768E-003
  2.000000000000000E-003   6.60932416666667      -2.172484624727514E-002
  2.000000000000000E-003   6.90965708333333      -3.851208981062925E-002
  2.000000000000000E-003   7.20999000000000       7.032914260878524E-004
  0.302332916666667       2.000000000000000E-003 -3.831621573608698E-002
  0.302332916666667       0.302332916666667       2.461435243147137E-003
  0.302332916666667       0.602665833333333      -5.245031176625852E-003
  0.302332916666667       0.902998750000000      -3.619436413956130E-003
  0.302332916666667        1.20333166666667      -1.269689196298139E-003
  0.302332916666667        1.50366458333333       3.412541800157223E-005
  0.302332916666667        1.80399750000000       5.848991218979939E-004
  0.302332916666667        2.10433041666667       6.649712484846275E-004
  0.302332916666667        2.40466333333333      -3.003744883594235E-004
  0.302332916666667        2.70499625000000      -1.930079588141249E-003
  0.302332916666667        3.00532916666667      -3.476559305122159E-003
  0.302332916666667        3.30566208333333       2.078665513161213E-004
  0.302332916666667        3.60599500000000       8.989802558387411E-003
  0.302332916666667        3.90632791666667       3.404743870121158E-004
  0.302332916666667        4.20666083333333      -3.405709167028613E-003
  0.302332916666667        4.50699375000000      -1.901068721301060E-003
  0.302332916666667        4.80732666666667      -2.896890625756458E-004
  0.302332916666667        5.10765958333333       6.629382688957410E-004
  0.302332916666667        5.40799250000000       5.838895067893942E-004
  0.302332916666667        5.70832541666667       3.336798478838451E-005
  0.302332916666667        6.00865833333333      -1.270426326936588E-003
  0.302332916666667        6.30899125000000      -3.620038713190491E-003
  0.302332916666667        6.60932416666667      -5.229332091707267E-003
  0.302332916666667        6.90965708333333       2.585851938729042E-003
  0.302332916666667        7.20999000000000      -3.852417506210815E-002
  0.602665833333333       2.000000000000000E-003 -2.159577293619244E-002
  0.602665833333333       0.302332916666667      -5.242701113421918E-003
  0.602665833333333       0.602665833333333       4.384001047325457E-004
  0.602665833333333       0.902998750000000      -4.135920255815507E-004
  0.602665833333333        1.20333166666667      -2.986883386288811E-004
  0.602665833333333        1.50366458333333       1.169468670190009E-004
  0.602665833333333        1.80399750000000       4.598539159678669E-004
  0.602665833333333        2.10433041666667       5.140067336918621E-004
  0.602665833333333        2.40466333333333       3.679196816938386E-004
  0.602665833333333        2.70499625000000       2.148944331671160E-004
  0.602665833333333        3.00532916666667       1.143728370737029E-003
  0.602665833333333        3.30566208333333       5.323125742340924E-003
  0.602665833333333        3.60599500000000       9.099970719255276E-003
  0.602665833333333        3.90632791666667       5.390728127831175E-003
  0.602665833333333        4.20666083333333       1.199862011846543E-003
  0.602665833333333        4.50699375000000       2.439058262119856E-004
  0.602665833333333        4.80732666666667       3.709520367214802E-004
  0.602665833333333        5.10765958333333       5.103437532878124E-004
  0.602665833333333        5.40799250000000       4.567259369743559E-004
  0.602665833333333        5.70832541666667       1.155081985467680E-004
  0.602665833333333        6.00865833333333      -2.951435518943249E-004
  0.602665833333333        6.30899125000000      -3.959034064665284E-004
  0.602665833333333        6.60932416666667       4.800349915649415E-004
  0.602665833333333        6.90965708333333      -5.235799383248122E-003
  0.602665833333333        7.20999000000000      -2.172908821752969E-002
  0.902998750000000       2.000000000000000E-003 -6.809306767611861E-003
  0.902998750000000       0.302332916666667      -3.618840371405847E-003
  0.902998750000000       0.602665833333333      -4.134919270001713E-004
  0.902998750000000       0.902998750000000       1.604239002781031E-005
  0.902998750000000        1.20333166666667      -2.414295660574884E-005
  0.902998750000000        1.50366458333333       1.048836860765904E-004
  0.902998750000000        1.80399750000000       2.780721718334552E-004
  0.902998750000000        2.10433041666667       2.921877943290974E-004
  0.902998750000000        2.40466333333333       3.845598793835430E-004
  0.902998750000000        2.70499625000000       3.972680763929084E-004
  0.902998750000000        3.00532916666667       1.634186898797375E-003
  0.902998750000000        3.30566208333333       3.374134487010312E-003
  0.902998750000000        3.60599500000000       4.275787785563577E-003
  0.902998750000000        3.90632791666667       3.400218085577564E-003
  0.902998750000000        4.20666083333333       1.662037412656346E-003
  0.902998750000000        4.50699375000000       4.016492292108758E-004
  0.902998750000000        4.80732666666667       3.874359966679219E-004
  0.902998750000000        5.10765958333333       2.931196723609674E-004
  0.902998750000000        5.40799250000000       2.733463325939611E-004
  0.902998750000000        5.70832541666667       1.013040064499271E-004
  0.902998750000000        6.00865833333333      -2.311681323088600E-005
  0.902998750000000        6.30899125000000       2.679422417957094E-005
  0.902998750000000        6.60932416666667      -3.974312566517337E-004
  0.902998750000000        6.90965708333333      -3.623608004197788E-003
  0.902998750000000        7.20999000000000      -6.844510326588065E-003
   1.20333166666667       2.000000000000000E-003 -1.840576115482051E-003
   1.20333166666667       0.302332916666667      -1.269804583781698E-003
   1.20333166666667       0.602665833333333      -2.988375450219605E-004
   1.20333166666667       0.902998750000000      -2.424185011597705E-005
   1.20333166666667        1.20333166666667      -2.436273931784390E-005
   1.20333166666667        1.50366458333333       2.835033162694493E-005
   1.20333166666667        1.80399750000000       1.611590585898790E-004
   1.20333166666667        2.10433041666667       1.600051353445003E-004
   1.20333166666667        2.40466333333333       2.441844370244967E-004
   1.20333166666667        2.70499625000000       2.623437793237465E-004
   1.20333166666667        3.00532916666667       2.158325774671285E-004
   1.20333166666667        3.30566208333333       1.064086061632387E-003
   1.20333166666667        3.60599500000000       1.337332997915187E-003
   1.20333166666667        3.90632791666667       1.071638799172292E-003
   1.20333166666667        4.20666083333333       2.199597854262790E-004
   1.20333166666667        4.50699375000000       2.660152729335116E-004
   1.20333166666667        4.80732666666667       2.459323272943099E-004
   1.20333166666667        5.10765958333333       1.594654463261316E-004
   1.20333166666667        5.40799250000000       1.558422920194018E-004
   1.20333166666667        5.70832541666667       2.293599126766747E-005
   1.20333166666667        6.00865833333333      -2.784104366134370E-005
   1.20333166666667        6.30899125000000      -2.348773902207921E-005
   1.20333166666667        6.60932416666667      -2.962746846273601E-004
   1.20333166666667        6.90965708333333      -1.272241403410610E-003
   1.20333166666667        7.20999000000000      -1.848257774704397E-003
   1.50366458333333       2.000000000000000E-003 -4.995630110785025E-005
   1.50366458333333       0.302332916666667       3.382489506437424E-005
   1.50366458333333       0.602665833333333       1.166808099154380E-004
   1.50366458333333       0.902998750000000       1.046914797125235E-004
   1.50366458333333        1.20333166666667       2.825599154061919E-005
   1.50366458333333        1.50366458333333       4.994132478658540E-005
   1.50366458333333        1.80399750000000      -7.301448667172073E-005
   1.50366458333333        2.10433041666667      -3.118518786822736E-005
   1.50366458333333        2.40466333333333       9.091297743036301E-006
   1.50366458333333        2.70499625000000       6.936052690640326E-006
   1.50366458333333        3.00532916666667      -4.321982625398436E-005
   1.50366458333333        3.30566208333333      -1.060243971042465E-004
   1.50366458333333        3.60599500000000      -1.334230198097900E-004
   1.50366458333333        3.90632791666667      -1.038732074965223E-004
   1.50366458333333        4.20666083333333      -4.013524028720780E-005
   1.50366458333333        4.50699375000000       9.212913272629958E-006
   1.50366458333333        4.80732666666667       9.262620158200369E-006
   1.50366458333333        5.10765958333333      -3.330795365487700E-005
   1.50366458333333        5.40799250000000      -7.650869735283929E-005
   1.50366458333333        5.70832541666667       4.418594125190504E-005
   1.50366458333333        6.00865833333333       2.284364628146651E-005
   1.50366458333333        6.30899125000000       1.010046817487435E-004
   1.50366458333333        6.60932416666667       1.148509890556545E-004
   1.50366458333333        6.90965708333333       3.249160513390486E-005
   1.50366458333333        7.20999000000000      -5.048223517514075E-005
   1.80399750000000       2.000000000000000E-003  6.181619378386012E-004
   1.80399750000000       0.302332916666667       5.845665665555697E-004
   1.80399750000000       0.602665833333333       4.595431342642752E-004
   1.80399750000000       0.902998750000000       2.778241227413793E-004
   1.80399750000000        1.20333166666667       1.609959493629900E-004
   1.80399750000000        1.50366458333333      -7.302931823253621E-005
   1.80399750000000        1.80399750000000      -1.643496206064090E-004
   1.80399750000000        2.10433041666667      -2.056314265185793E-004
   1.80399750000000        2.40466333333333      -2.211669963028423E-004
   1.80399750000000        2.70499625000000      -2.478307595810265E-004
   1.80399750000000        3.00532916666667      -2.995852766903816E-004
   1.80399750000000        3.30566208333333      -3.552449244600549E-004
   1.80399750000000        3.60599500000000      -3.789661738372068E-004
   1.80399750000000        3.90632791666667      -3.538553143211384E-004
   1.80399750000000        4.20666083333333      -2.978030977065213E-004
   1.80399750000000        4.50699375000000      -2.470441987419403E-004
   1.80399750000000        4.80732666666667      -2.223227234806036E-004
   1.80399750000000        5.10765958333333      -2.086849966712223E-004
   1.80399750000000        5.40799250000000      -1.683129892294149E-004
   1.80399750000000        5.70832541666667      -7.654795216749283E-005
   1.80399750000000        6.00865833333333       1.557044126011150E-004
   1.80399750000000        6.30899125000000       2.731254704097705E-004
   1.80399750000000        6.60932416666667       4.563872798324363E-004
   1.80399750000000        6.90965708333333       5.834374065871828E-004
   1.80399750000000        7.20999000000000       6.191582836696808E-004
   2.10433041666667       2.000000000000000E-003  7.401740325914831E-004
   2.10433041666667       0.302332916666667       6.646234720904880E-004
   2.10433041666667       0.602665833333333       5.136761170330660E-004
   2.10433041666667       0.902998750000000       2.921533382380221E-004
   2.10433041666667        1.20333166666667       1.599920185354350E-004
   2.10433041666667        1.50366458333333      -3.118075576919461E-005
   2.10433041666667        1.80399750000000      -2.056225588198498E-004
   2.10433041666667        2.10433041666667      -3.179809368434279E-004
   2.10433041666667        2.40466333333333      -3.723637577014869E-004
   2.10433041666667        2.70499625000000      -4.022589056354705E-004
   2.10433041666667        3.00532916666667      -4.339099805602072E-004
   2.10433041666667        3.30566208333333      -4.660083524240469E-004
   2.10433041666667        3.60599500000000      -4.799179328831020E-004
   2.10433041666667        3.90632791666667      -4.653378453108821E-004
   2.10433041666667        4.20666083333333      -4.332581100015681E-004
   2.10433041666667        4.50699375000000      -4.025380008878918E-004
   2.10433041666667        4.80732666666667      -3.740836186638290E-004
   2.10433041666667        5.10765958333333      -3.208694808756316E-004
   2.10433041666667        5.40799250000000      -2.087307557110097E-004
   2.10433041666667        5.70832541666667      -3.339510878827566E-005
   2.10433041666667        6.00865833333333       1.593540374369270E-004
   2.10433041666667        6.30899125000000       2.930163615789723E-004
   2.10433041666667        6.60932416666667       5.100213356775173E-004
   2.10433041666667        6.90965708333333       6.625783625373306E-004
   2.10433041666667        7.20999000000000       7.401813310540401E-004
   2.40466333333333       2.000000000000000E-003 -7.904364396343347E-004
   2.40466333333333       0.302332916666667      -2.999472272275511E-004
   2.40466333333333       0.602665833333333       3.679087064491874E-004
   2.40466333333333       0.902998750000000       3.845884383693521E-004
   2.40466333333333        1.20333166666667       2.442409957031904E-004
   2.40466333333333        1.50366458333333       9.151507741218347E-006
   2.40466333333333        1.80399750000000      -2.211274083512423E-004
   2.40466333333333        2.10433041666667      -3.723526387880499E-004
   2.40466333333333        2.40466333333333      -4.297341670475490E-004
   2.40466333333333        2.70499625000000      -4.264858425153705E-004
   2.40466333333333        3.00532916666667      -4.059812934175689E-004
   2.40466333333333        3.30566208333333      -3.922801113164178E-004
   2.40466333333333        3.60599500000000      -3.883371825892797E-004
   2.40466333333333        3.90632791666667      -3.921170277432484E-004
   2.40466333333333        4.20666083333333      -4.060291849870905E-004
   2.40466333333333        4.50699375000000      -4.271832838954658E-004
   2.40466333333333        4.80732666666667      -4.311859217078912E-004
   2.40466333333333        5.10765958333333      -3.741291759386425E-004
   2.40466333333333        5.40799250000000      -2.224164020504361E-004
   2.40466333333333        5.70832541666667       9.122260841277007E-006
   2.40466333333333        6.00865833333333       2.457645755007520E-004
   2.40466333333333        6.30899125000000       3.872825727270383E-004
   2.40466333333333        6.60932416666667       3.708651639691343E-004
   2.40466333333333        6.90965708333333      -2.889877162907602E-004
   2.40466333333333        7.20999000000000      -7.878524988444930E-004
   2.70499625000000       2.000000000000000E-003 -3.883042449613588E-003
   2.70499625000000       0.302332916666667      -1.929036011588085E-003
   2.70499625000000       0.602665833333333       2.154176469544549E-004
   2.70499625000000       0.902998750000000       3.973792491357871E-004
   2.70499625000000        1.20333166666667       2.624942589930465E-004
   2.70499625000000        1.50366458333333       7.072574450916692E-006
   2.70499625000000        1.80399750000000      -2.477523803311793E-004
   2.70499625000000        2.10433041666667      -4.022480371268226E-004
   2.70499625000000        2.40466333333333      -4.265092514181557E-004
   2.70499625000000        2.70499625000000      -3.571389418364118E-004
   2.70499625000000        3.00532916666667      -2.579611153825032E-004
   2.70499625000000        3.30566208333333      -1.811917696286675E-004
   2.70499625000000        3.60599500000000      -1.533128261723844E-004
   2.70499625000000        3.90632791666667      -1.812776985104945E-004
   2.70499625000000        4.20666083333333      -2.582594623990801E-004
   2.70499625000000        4.50699375000000      -3.577317499260110E-004
   2.70499625000000        4.80732666666667      -4.272315481573961E-004
   2.70499625000000        5.10765958333333      -4.026289933197186E-004
   2.70499625000000        5.40799250000000      -2.471817912807236E-004
   2.70499625000000        5.70832541666667       9.026445369650511E-006
   2.70499625000000        6.00865833333333       2.657969644111008E-004
   2.70499625000000        6.30899125000000       4.014427103028127E-004
   2.70499625000000        6.60932416666667       2.439895962735158E-004
   2.70499625000000        6.90965708333333      -1.899316300688299E-003
   2.70499625000000        7.20999000000000      -3.876634323494974E-003
   3.00532916666667       2.000000000000000E-003 -9.531820831830897E-003
   3.00532916666667       0.302332916666667      -3.474802351904683E-003
   3.00532916666667       0.602665833333333       1.144182349302977E-003
   3.00532916666667       0.902998750000000       1.634203586769099E-003
   3.00532916666667        1.20333166666667       2.160747316875298E-004
   3.00532916666667        1.50366458333333      -4.300922916797901E-005
   3.00532916666667        1.80399750000000      -2.994742452674977E-004
   3.00532916666667        2.10433041666667      -4.339145065103602E-004
   3.00532916666667        2.40466333333333      -4.060573398315221E-004
   3.00532916666667        2.70499625000000      -2.580311407081768E-004
   3.00532916666667        3.00532916666667      -7.360101717410489E-005
   3.00532916666667        3.30566208333333       6.887681522465800E-005
   3.00532916666667        3.60599500000000       1.213836267543291E-004
   3.00532916666667        3.90632791666667       6.874550102351772E-005
   3.00532916666667        4.20666083333333      -7.385478526518609E-005
   3.00532916666667        4.50699375000000      -2.583169048362729E-004
   3.00532916666667        4.80732666666667      -4.061304086082561E-004
   3.00532916666667        5.10765958333333      -4.333916388531324E-004
   3.00532916666667        5.40799250000000      -2.979703440501357E-004
   3.00532916666667        5.70832541666667      -4.034134226156314E-005
   3.00532916666667        6.00865833333333       2.197250308187753E-004
   3.00532916666667        6.30899125000000       1.660428454378025E-003
   3.00532916666667        6.60932416666667       1.198319711659722E-003
   3.00532916666667        6.90965708333333      -3.403971160519698E-003
   3.00532916666667        7.20999000000000      -9.519980279735000E-003
   3.30566208333333       2.000000000000000E-003 -1.393721329995667E-002
   3.30566208333333       0.302332916666667       2.081600080819784E-004
   3.30566208333333       0.602665833333333       5.322230159968477E-003
   3.30566208333333       0.902998750000000       3.373572823722771E-003
   3.30566208333333        1.20333166666667       1.063989562007061E-003
   3.30566208333333        1.50366458333333      -1.057590069625493E-004
   3.30566208333333        1.80399750000000      -3.551127969197960E-004
   3.30566208333333        2.10433041666667      -4.660327348549902E-004
   3.30566208333333        2.40466333333333      -3.924106523678055E-004
   3.30566208333333        2.70499625000000      -1.813368353353887E-004
   3.30566208333333        3.00532916666667       6.879475865640786E-005
   3.30566208333333        3.30566208333333       2.609979782820071E-004
   3.30566208333333        3.60599500000000       3.320389431676431E-004
   3.30566208333333        3.90632791666667       2.609310647920836E-004
   3.30566208333333        4.20666083333333       6.869342813118534E-005
   3.30566208333333        4.50699375000000      -1.813891690470756E-004
   3.30566208333333        4.80732666666667      -3.922667529500931E-004
   3.30566208333333        5.10765958333333      -4.655025840990882E-004
   3.30566208333333        5.40799250000000      -3.540275925132601E-004
   3.30566208333333        5.70832541666667      -1.040573604635946E-004
   3.30566208333333        6.00865833333333       1.069932191919643E-003
   3.30566208333333        6.30899125000000       3.396682093356220E-003
   3.30566208333333        6.60932416666667       5.384371939804076E-003
   3.30566208333333        6.90965708333333       3.361662420357961E-004
   3.30566208333333        7.20999000000000      -1.392719033433744E-002
   3.60599500000000       2.000000000000000E-003 -5.378936648395405E-002
   3.60599500000000       0.302332916666667       8.984844655162142E-003
   3.60599500000000       0.602665833333333       9.097666859692367E-003
   3.60599500000000       0.902998750000000       4.274951037681419E-003
   3.60599500000000        1.20333166666667       1.337195603321689E-003
   3.60599500000000        1.50366458333333      -1.331292492919590E-004
   3.60599500000000        1.80399750000000      -3.788217918283185E-004
   3.60599500000000        2.10433041666667      -4.799498028932681E-004
   3.60599500000000        2.40466333333333      -3.884920407254369E-004
   3.60599500000000        2.70499625000000      -1.534923036339894E-004
   3.60599500000000        3.00532916666667       1.212636356067834E-004
   3.60599500000000        3.30566208333333       3.320009705157943E-004
   3.60599500000000        3.60599500000000       4.099599334322862E-004
   3.60599500000000        3.90632791666667       3.320315362455422E-004
   3.60599500000000        4.20666083333333       1.213136273169851E-004
   3.60599500000000        4.50699375000000      -1.534530972039254E-004
   3.60599500000000        4.80732666666667      -3.885156026581051E-004
   3.60599500000000        5.10765958333333      -4.800939615498961E-004
   3.60599500000000        5.40799250000000      -3.791168008446224E-004
   3.60599500000000        5.70832541666667      -1.335460077308561E-004
   3.60599500000000        6.00865833333333       1.335729058099655E-003
   3.60599500000000        6.30899125000000       4.271855894179505E-003
   3.60599500000000        6.60932416666667       9.091959422904619E-003
   3.60599500000000        6.90965708333333       8.979898825632292E-003
   3.60599500000000        7.20999000000000      -5.379932880004201E-002
   3.90632791666667       2.000000000000000E-003 -1.393431401510737E-002
   3.90632791666667       0.302332916666667       3.410018611439311E-004
   3.90632791666667       0.602665833333333       5.390100715463466E-003
   3.90632791666667       0.902998750000000       3.399911162445730E-003
   3.90632791666667        1.20333166666667       1.071576651378710E-003
   3.90632791666667        1.50366458333333      -1.035786391306420E-004
   3.90632791666667        1.80399750000000      -3.537046820767809E-004
   3.90632791666667        2.10433041666667      -4.653564844539085E-004
   3.90632791666667        2.40466333333333      -3.922519957877294E-004
   3.90632791666667        2.70499625000000      -1.814320917808944E-004
   3.90632791666667        3.00532916666667       6.865413367528082E-005
   3.90632791666667        3.30566208333333       2.609240036929863E-004
   3.90632791666667        3.60599500000000       3.320637784393657E-004
   3.90632791666667        3.90632791666667       2.610401121326350E-004
   3.90632791666667        4.20666083333333       6.883466873189536E-005
   3.90632791666667        4.50699375000000      -1.813246112728606E-004
   3.90632791666667        4.80732666666667      -3.924597794748233E-004
   3.90632791666667        5.10765958333333      -4.661758583315606E-004
   3.90632791666667        5.40799250000000      -3.553588156827427E-004
   3.90632791666667        5.70832541666667      -1.060708480405776E-004
   3.90632791666667        6.00865833333333       1.063236299516664E-003
   3.90632791666667        6.30899125000000       3.372093301584562E-003
   3.90632791666667        6.60932416666667       5.321382924115705E-003
   3.90632791666667        6.90965708333333       2.131122540335359E-004
   3.90632791666667        7.20999000000000      -1.393007798568461E-002
   4.20666083333333       2.000000000000000E-003 -9.524439646444522E-003
   4.20666083333333       0.302332916666667      -3.403519109519638E-003
   4.20666083333333       0.602665833333333       1.200748075025423E-003
   4.20666083333333       0.902998750000000       1.662384982014301E-003
   4.20666083333333        1.20333166666667       2.202670061376563E-004
   4.20666083333333        1.50366458333333      -3.986724403946223E-005
   4.20666083333333        1.80399750000000      -2.976552285595413E-004
   4.20666083333333        2.10433041666667      -4.332511091774317E-004
   4.20666083333333        2.40466333333333      -4.061147960413029E-004
   4.20666083333333        2.70499625000000      -2.583504962763228E-004
   4.20666083333333        3.00532916666667      -7.387774776684286E-005
   4.20666083333333        3.30566208333333       6.875552627200541E-005
   4.20666083333333        3.60599500000000       1.214161000553317E-004
   4.20666083333333        3.90632791666667       6.890725417010872E-005
   4.20666083333333        4.20666083333333      -7.359507217197445E-005
   4.20666083333333        4.50699375000000      -2.580658601831464E-004
   4.20666083333333        4.80732666666667      -4.061450023357411E-004
   4.20666083333333        5.10765958333333      -4.340612443357886E-004
   4.20666083333333        5.40799250000000      -2.996684095830234E-004
   4.20666083333333        5.70832541666667      -4.320882833892646E-005
   4.20666083333333        6.00865833333333       2.159399171033310E-004
   4.20666083333333        6.30899125000000       1.634342247261351E-003
   4.20666083333333        6.60932416666667       1.145874937703061E-003
   4.20666083333333        6.90965708333333      -3.469829106598436E-003
   4.20666083333333        7.20999000000000      -9.526179484520260E-003
   4.50699375000000       2.000000000000000E-003 -3.878628185260868E-003
   4.50699375000000       0.302332916666667      -1.899706447824244E-003
   4.50699375000000       0.602665833333333       2.447307056223979E-004
   4.50699375000000       0.902998750000000       4.018379138592596E-004
   4.50699375000000        1.20333166666667       2.662555813851531E-004
   4.50699375000000        1.50366458333333       9.429463429696923E-006
   4.50699375000000        1.80399750000000      -2.469143245276037E-004
   4.50699375000000        2.10433041666667      -4.025121436984518E-004
   4.50699375000000        2.40466333333333      -4.272237163579789E-004
   4.50699375000000        2.70499625000000      -3.577682238876079E-004
   4.50699375000000        3.00532916666667      -2.582895373527245E-004
   4.50699375000000        3.30566208333333      -1.812848510789834E-004
   4.50699375000000        3.60599500000000      -1.533110276136113E-004
   4.50699375000000        3.90632791666667      -1.812067578826265E-004
   4.50699375000000        4.20666083333333      -2.580123635827025E-004
   4.50699375000000        4.50699375000000      -3.572325634773272E-004
   4.50699375000000        4.80732666666667      -4.266403062474374E-004
   4.50699375000000        5.10765958333333      -4.024031947746172E-004
   4.50699375000000        5.40799250000000      -2.479067890190482E-004
   4.50699375000000        5.70832541666667       6.960467994117463E-006
   4.50699375000000        6.00865833333333       2.624792142534736E-004
   4.50699375000000        6.30899125000000       3.975100418480684E-004
   4.50699375000000        6.60932416666667       2.172150569584026E-004
   4.50699375000000        6.90965708333333      -1.925830643931272E-003
   4.50699375000000        7.20999000000000      -3.879753887063160E-003
   4.80732666666667       2.000000000000000E-003 -7.886879479856240E-004
   4.80732666666667       0.302332916666667      -2.893487248037365E-004
   4.80732666666667       0.602665833333333       3.709918926581415E-004
   4.80732666666667       0.902998750000000       3.875486234039559E-004
   4.80732666666667        1.20333166666667       2.460885766203415E-004
   4.80732666666667        1.50366458333333       9.412276902252025E-006
   4.80732666666667        1.80399750000000      -2.222270357274549E-004
   4.80732666666667        2.10433041666667      -3.740607025976898E-004
   4.80732666666667        2.40466333333333      -4.312145573757532E-004
   4.80732666666667        2.70499625000000      -4.272632272489844E-004
   4.80732666666667        3.00532916666667      -4.061201656881461E-004
   4.80732666666667        3.30566208333333      -3.922019264560489E-004
   4.80732666666667        3.60599500000000      -3.884222292327139E-004
   4.80732666666667        3.90632791666667      -3.923817889119663E-004
   4.80732666666667        4.20666083333333      -4.061112131011795E-004
   4.80732666666667        4.50699375000000      -4.266430316558236E-004
   4.80732666666667        4.80732666666667      -4.299060424303367E-004
   4.80732666666667        5.10765958333333      -3.725188835454133E-004
   4.80732666666667        5.40799250000000      -2.212609962870478E-004
   4.80732666666667        5.70832541666667       9.085494437007450E-006
   4.80732666666667        6.00865833333333       2.442820933992638E-004
   4.80732666666667        6.30899125000000       3.847675319972738E-004
   4.80732666666667        6.60932416666667       3.682278428745249E-004
   4.80732666666667        6.90965708333333      -2.983265760789305E-004
   4.80732666666667        7.20999000000000      -7.889823423899634E-004
   5.10765958333333       2.000000000000000E-003  7.402607767695555E-004
   5.10765958333333       0.302332916666667       6.625912928216245E-004
   5.10765958333333       0.602665833333333       5.099936074762207E-004
   5.10765958333333       0.902998750000000       2.931573591914772E-004
   5.10765958333333        1.20333166666667       1.595420286855246E-004
   5.10765958333333        1.50366458333333      -3.322325062741655E-005
   5.10765958333333        1.80399750000000      -2.086303364310439E-004
   5.10765958333333        2.10433041666667      -3.208705816304716E-004
   5.10765958333333        2.40466333333333      -3.741847946606418E-004
   5.10765958333333        2.70499625000000      -4.027133039294704E-004
   5.10765958333333        3.00532916666667      -4.334729312228583E-004
   5.10765958333333        3.30566208333333      -4.655645431851607E-004
   5.10765958333333        3.60599500000000      -4.801432192228887E-004
   5.10765958333333        3.90632791666667      -4.662304586793646E-004
   5.10765958333333        4.20666083333333      -4.341302392733283E-004
   5.10765958333333        4.50699375000000      -4.024746197467610E-004
   5.10765958333333        4.80732666666667      -3.725659460854391E-004
   5.10765958333333        5.10765958333333      -3.181553840880385E-004
   5.10765958333333        5.40799250000000      -2.057506024573677E-004
   5.10765958333333        5.70832541666667      -3.123906461435894E-005
   5.10765958333333        6.00865833333333       1.600291815994645E-004
   5.10765958333333        6.30899125000000       2.923054324494077E-004
   5.10765958333333        6.60932416666667       5.139413921754321E-004
   5.10765958333333        6.90965708333333       6.649022966305372E-004
   5.10765958333333        7.20999000000000       7.404204050937410E-004
   5.40799250000000       2.000000000000000E-003  6.194648680688483E-004
   5.40799250000000       0.302332916666667       5.836714092031852E-004
   5.40799250000000       0.602665833333333       4.564713868911761E-004
   5.40799250000000       0.902998750000000       2.731106247024173E-004
   5.40799250000000        1.20333166666667       1.556880316120453E-004
   5.40799250000000        1.50366458333333      -7.646885936871769E-005
   5.40799250000000        1.80399750000000      -1.682912438927246E-004
   5.40799250000000        2.10433041666667      -2.087620232592275E-004
   5.40799250000000        2.40466333333333      -2.225178216928708E-004
   5.40799250000000        2.70499625000000      -2.473464573881115E-004
   5.40799250000000        3.00532916666667      -2.981762322949422E-004
   5.40799250000000        3.30566208333333      -3.542528500655922E-004
   5.40799250000000        3.60599500000000      -3.793481958988152E-004
   5.40799250000000        3.90632791666667      -3.555877437153691E-004
   5.40799250000000        4.20666083333333      -2.998811820622939E-004
   5.40799250000000        4.50699375000000      -2.480814104934031E-004
   5.40799250000000        4.80732666666667      -2.213761420788566E-004
   5.40799250000000        5.10765958333333      -2.058001569909763E-004
   5.40799250000000        5.40799250000000      -1.644739572688674E-004
   5.40799250000000        5.70832541666667      -7.309926197175028E-005
   5.40799250000000        6.00865833333333       1.609614984040372E-004
   5.40799250000000        6.30899125000000       2.777382259949784E-004
   5.40799250000000        6.60932416666667       4.594102032016939E-004
   5.40799250000000        6.90965708333333       5.843781128039748E-004
   5.40799250000000        7.20999000000000       6.179798941868820E-004
   5.70832541666667       2.000000000000000E-003 -4.983766728000777E-005
   5.70832541666667       0.302332916666667       3.317494972830137E-005
   5.70832541666667       0.602665833333333       1.152996976871026E-004
   5.70832541666667       0.902998750000000       1.011184098983682E-004
   5.70832541666667        1.20333166666667       2.282450621681149E-005
   5.70832541666667        1.50366458333333       4.418182274520615E-005
   5.70832541666667        1.80399750000000      -7.654165004216584E-005
   5.70832541666667        2.10433041666667      -3.344622687130265E-005
   5.70832541666667        2.40466333333333       8.985683164679379E-006
   5.70832541666667        2.70499625000000       8.800502996579571E-006
   5.70832541666667        3.00532916666667      -4.063999628702897E-005
   5.70832541666667        3.30566208333333      -1.044033441928215E-004
   5.70832541666667        3.60599500000000      -1.339136848053897E-004
   5.70832541666667        3.90632791666667      -1.064339731536910E-004
   5.70832541666667        4.20666083333333      -4.353668815361092E-005
   5.70832541666667        4.50699375000000       6.700585603065821E-006
   5.70832541666667        4.80732666666667       8.916150865812704E-006
   5.70832541666667        5.10765958333333      -3.131933131429060E-005
   5.70832541666667        5.40799250000000      -7.311873522047116E-005
   5.70832541666667        5.70832541666667       4.982095557534901E-005
   5.70832541666667        6.00865833333333       2.809987226488645E-005
   5.70832541666667        6.30899125000000       1.044671943083898E-004
   5.70832541666667        6.60932416666667       1.163991374401780E-004
   5.70832541666667        6.90965708333333       3.354768796862792E-005
   5.70832541666667        7.20999000000000      -5.020684175093964E-005
   6.00865833333333       2.000000000000000E-003 -1.846919430977264E-003
   6.00865833333333       0.302332916666667      -1.270515351760239E-003
   6.00865833333333       0.602665833333333      -2.952683472757366E-004
   6.00865833333333       0.902998750000000      -2.320684691006015E-005
   6.00865833333333        1.20333166666667      -2.785035107951776E-005
   6.00865833333333        1.50366458333333       2.292494724669921E-005
   6.00865833333333        1.80399750000000       1.558309822849884E-004
   6.00865833333333        2.10433041666667       1.592989484034518E-004
   6.00865833333333        2.40466333333333       2.456223448049222E-004
   6.00865833333333        2.70499625000000       2.655635169262436E-004
   6.00865833333333        3.00532916666667       2.194158877173213E-004
   6.00865833333333        3.30566208333333       1.070221562299147E-003
   6.00865833333333        3.60599500000000       1.336076823551132E-003
   6.00865833333333        3.90632791666667       1.063367082401674E-003
   6.00865833333333        4.20666083333333       2.155836957517398E-004
   6.00865833333333        4.50699375000000       2.621946422747580E-004
   6.00865833333333        4.80732666666667       2.440972047840709E-004
   6.00865833333333        5.10765958333333       1.599453219891962E-004
   6.00865833333333        5.40799250000000       1.610966810950121E-004
   6.00865833333333        5.70832541666667       2.818442820441546E-005
   6.00865833333333        6.00865833333333      -2.458627833141179E-005
   6.00865833333333        6.30899125000000      -2.449897188751874E-005
   6.00865833333333        6.60932416666667      -2.989623983390495E-004
   6.00865833333333        6.90965708333333      -1.269586044915132E-003
   6.00865833333333        7.20999000000000      -1.840334732617853E-003
   6.30899125000000       2.000000000000000E-003 -6.841402895004308E-003
   6.30899125000000       0.302332916666667      -3.619527007175210E-003
   6.30899125000000       0.602665833333333      -3.958160107653798E-004
   6.30899125000000       0.902998750000000       2.684802244528914E-005
   6.30899125000000        1.20333166666667      -2.333632544643368E-005
   6.30899125000000        1.50366458333333       1.012312196124158E-004
   6.30899125000000        1.80399750000000       2.733615217761421E-004
   6.30899125000000        2.10433041666667       2.929659071534491E-004
   6.30899125000000        2.40466333333333       3.871625672848087E-004
   6.30899125000000        2.70499625000000       4.012591799413164E-004
   6.30899125000000        3.00532916666667       1.660533959413436E-003
   6.30899125000000        3.30566208333333       3.397590197458181E-003
   6.30899125000000        3.60599500000000       4.273204983730460E-003
   6.30899125000000        3.90632791666667       3.372860686618910E-003
   6.30899125000000        4.20666083333333       1.634194431282249E-003
   6.30899125000000        4.50699375000000       3.972724180844375E-004
   6.30899125000000        4.80732666666667       3.846085174339768E-004
   6.30899125000000        5.10765958333333       2.922377594724443E-004
   6.30899125000000        5.40799250000000       2.779592844499548E-004
   6.30899125000000        5.70832541666667       1.046384526358673E-004
   6.30899125000000        6.00865833333333      -2.441657215154329E-005
   6.30899125000000        6.30899125000000       1.598892196759606E-005
   6.30899125000000        6.60932416666667      -4.127263184052845E-004
   6.30899125000000        6.90965708333333      -3.616380682276103E-003
   6.30899125000000        7.20999000000000      -6.806705202428038E-003
   6.60932416666667       2.000000000000000E-003 -2.172074395517332E-002
   6.60932416666667       0.302332916666667      -5.227366278180348E-003
   6.60932416666667       0.602665833333333       4.799742926488672E-004
   6.60932416666667       0.902998750000000      -3.973898887125183E-004
   6.60932416666667        1.20333166666667      -2.959846208782451E-004
   6.60932416666667        1.50366458333333       1.152279731092922E-004
   6.60932416666667        1.80399750000000       4.567269080109650E-004
   6.60932416666667        2.10433041666667       5.102022256107104E-004
   6.60932416666667        2.40466333333333       3.707779173832711E-004
   6.60932416666667        2.70499625000000       2.434150630872444E-004
   6.60932416666667        3.00532916666667       1.197932083909798E-003
   6.60932416666667        3.30566208333333       5.385662469090922E-003
   6.60932416666667        3.60599500000000       9.094852935236099E-003
   6.60932416666667        3.90632791666667       5.322524971517762E-003
   6.60932416666667        4.20666083333333       1.145251229314976E-003
   6.60932416666667        4.50699375000000       2.164033429721123E-004
   6.60932416666667        4.80732666666667       3.681195417673668E-004
   6.60932416666667        5.10765958333333       5.142315621663790E-004
   6.60932416666667        5.40799250000000       4.596899081271965E-004
   6.60932416666667        5.70832541666667       1.166294611773594E-004
   6.60932416666667        6.00865833333333      -2.988493406889582E-004
   6.60932416666667        6.30899125000000      -4.128439401515020E-004
   6.60932416666667        6.60932416666667       4.420446353220406E-004
   6.60932416666667        6.90965708333333      -5.232503388740045E-003
   6.60932416666667        7.20999000000000      -2.158436659198824E-002
   6.90965708333333       2.000000000000000E-003 -3.850724464230729E-002
   6.90965708333333       0.302332916666667       2.584993592500795E-003
   6.90965708333333       0.602665833333333      -5.238065920712448E-003
   6.90965708333333       0.902998750000000      -3.623968939673368E-003
   6.90965708333333        1.20333166666667      -1.271929441137357E-003
   6.90965708333333        1.50366458333333       3.294810710782008E-005
   6.90965708333333        1.80399750000000       5.838456570896244E-004
   6.90965708333333        2.10433041666667       6.627838107866108E-004
   6.90965708333333        2.40466333333333      -2.895152172108076E-004
   6.90965708333333        2.70499625000000      -1.900410397089155E-003
   6.90965708333333        3.00532916666667      -3.405754823442245E-003
   6.90965708333333        3.30566208333333       3.360407604283641E-004
   6.90965708333333        3.60599500000000       8.984845459271907E-003
   6.90965708333333        3.90632791666667       2.128066349695926E-004
   6.90965708333333        4.20666083333333      -3.471835478112944E-003
   6.90965708333333        4.50699375000000      -1.927142707504611E-003
   6.90965708333333        4.80732666666667      -2.987756268768965E-004
   6.90965708333333        5.10765958333333       6.652194733724557E-004
   6.90965708333333        5.40799250000000       5.846760146817342E-004
   6.90965708333333        5.70832541666667       3.380588127005006E-005
   6.90965708333333        6.00865833333333      -1.269508208299241E-003
   6.90965708333333        6.30899125000000      -3.616984213668554E-003
   6.90965708333333        6.60932416666667      -5.234766752937325E-003
   6.90965708333333        6.90965708333333       2.481980858438582E-003
   6.90965708333333        7.20999000000000      -3.830092646909365E-002
   7.20999000000000       2.000000000000000E-003  7.023473119217325E-004
   7.20999000000000       0.302332916666667      -3.852695805244553E-002
   7.20999000000000       0.602665833333333      -2.173253682574276E-002
   7.20999000000000       0.902998750000000      -6.845026149418705E-003
   7.20999000000000        1.20333166666667      -1.847979727265048E-003
   7.20999000000000        1.50366458333333      -5.005082411505913E-005
   7.20999000000000        1.80399750000000       6.195520604820958E-004
   7.20999000000000        2.10433041666667       7.403948978287142E-004
   7.20999000000000        2.40466333333333      -7.883233091830809E-004
   7.20999000000000        2.70499625000000      -3.877593098401964E-003
   7.20999000000000        3.00532916666667      -9.522182977065289E-003
   7.20999000000000        3.30566208333333      -1.393068384674217E-002
   7.20999000000000        3.60599500000000      -5.379832625884520E-002
   7.20999000000000        3.90632791666667      -1.393340554612159E-002
   7.20999000000000        4.20666083333333      -9.528554536353966E-003
   7.20999000000000        4.50699375000000      -3.880860666097802E-003
   7.20999000000000        4.80732666666667      -7.892665390664041E-004
   7.20999000000000        5.10765958333333       7.407258174098266E-004
   7.20999000000000        5.40799250000000       6.182535560557338E-004
   7.20999000000000        5.70832541666667      -4.995862805743824E-005
   7.20999000000000        6.00865833333333      -1.840232267887483E-003
   7.20999000000000        6.30899125000000      -6.807394844271369E-003
   7.20999000000000        6.60932416666667      -2.158812169266019E-002
   7.20999000000000        6.90965708333333      -3.830475922401230E-002
   7.20999000000000        7.20999000000000       9.261857004068783E-004
